832902715;41646
832922703;41647
832942710;41648
832962697;41649
832982706;41650
833002704;41651
833022705;41652
833042709;41653
833062704;41654
833082725;41655
833102700;41656
833122703;41657
833142697;41658
833162694;41659
833182703;41660
833202707;41661
833222690;41662
833242707;41663
833262689;41664
833282689;41665
833302693;41666
833322701;41667
833342691;41668
833362690;41669
833382694;41670
833402691;41671
833422685;41672
833442687;41673
833462691;41674
833482697;41675
833502703;41676
833522692;41677
833542691;41678
833562705;41679
833582684;41680
833602688;41681
833622683;41682
833642685;41683
833662684;41684
833682683;41685
833702683;41686
833722679;41687
833742677;41688
833762684;41689
833782675;41690
833802686;41691
833822676;41692
833842681;41693
833862680;41694
833882684;41695
833902670;41696
833922675;41697
833942674;41698
833962676;41699
833984486;41700
834002680;41701
834022687;41702
834042676;41703
834062671;41704
834082675;41705
834102671;41706
834122674;41707
834142675;41708
834162670;41709
834182683;41710
834202669;41711
834222686;41712
834242664;41713
834262680;41714
834282675;41715
834302801;41716
834322683;41717
834342674;41718
834362673;41719
834382676;41720
834402665;41721
834422680;41722
834442668;41723
834462666;41724
834482663;41725
834502667;41726
834522657;41727
834542663;41728
834562655;41729
834582675;41730
834602656;41731
834622664;41732
834642669;41733
834662664;41734
834682654;41735
834702658;41736
834722660;41737
834742669;41738
834762656;41739
834782664;41740
834802656;41741
834822659;41742
834842655;41743
834862659;41744
834882669;41745
834902652;41746
834922653;41747
834942676;41748
834962650;41749
834982658;41750
835002647;41751
835022652;41752
835042650;41753
835062658;41754
835082654;41755
835102652;41756
835122659;41757
835142661;41758
835162656;41759
835182662;41760
835202663;41761
835222647;41762
835242645;41763
835262648;41764
835282650;41765
835302644;41766
835322639;41767
835342640;41768
835362650;41769
835382642;41770
835402643;41771
835422644;41772
835442647;41773
835462642;41774
835482642;41775
835502633;41776
835522644;41777
835542639;41778
835562640;41779
835582638;41780
835602771;41781
835622634;41782
835642647;41783
835662636;41784
835682633;41785
835702636;41786
835722638;41787
835742631;41788
835762637;41789
835782640;41790
835802653;41791
835822638;41792
835842642;41793
835862632;41794
835882631;41795
835902632;41796
835922634;41797
