832909058;41646
832929068;41647
832949048;41648
832968992;41649
832989046;41650
833009045;41651
833029028;41652
833049087;41653
833069046;41654
833089046;41655
833109046;41656
833129068;41657
833149002;41658
833169067;41659
833189747;41660
833209041;41661
833229038;41662
833249037;41663
833269040;41664
833289036;41665
833309039;41666
833329043;41667
833349040;41668
833369036;41669
833389049;41670
833409035;41671
833429037;41672
833449031;41673
833469038;41674
833489035;41675
833509039;41676
833529966;41677
833549044;41678
833569039;41679
833589029;41680
833609044;41681
833629026;41682
833649031;41683
833669510;41684
833689037;41685
833709027;41686
833729038;41687
833749025;41688
833769038;41689
833789024;41690
833809029;41691
833829033;41692
833849021;41693
833869032;41694
833889024;41695
833909029;41696
833929030;41697
833949074;41698
833969033;41699
833990292;41700
834009011;41701
834029019;41702
834048950;41703
834069020;41704
834089027;41705
834109021;41706
834129019;41707
834149018;41708
834169019;41709
834189016;41710
834215517;41711
834229017;41712
834249024;41713
834269016;41714
834289015;41715
834309013;41716
834329023;41717
834349009;41718
834369012;41719
834389007;41720
834409010;41721
834429012;41722
834449017;41723
834469059;41724
834489015;41725
834509011;41726
834529029;41727
834549012;41728
834569018;41729
834589010;41730
834609010;41731
834629012;41732
834649009;41733
834669005;41734
834689003;41735
834709009;41736
834730279;41737
834749009;41738
834769006;41739
834789005;41740
834808998;41741
834828998;41742
834849002;41743
834868999;41744
834888997;41745
834909000;41746
834928995;41747
834948999;41748
834969003;41749
834988999;41750
835009000;41751
835029003;41752
835048940;41753
835068996;41754
835088994;41755
835108996;41756
835128996;41757
835148993;41758
835168989;41759
835188991;41760
835209029;41761
835228996;41762
835248997;41763
835268993;41764
835288986;41765
835309002;41766
835328985;41767
835348999;41768
835368984;41769
835388996;41770
835408988;41771
835428995;41772
835448994;41773
835468973;41774
835488986;41775
835508990;41776
835528983;41777
835548989;41778
835568991;41779
835588988;41780
835608985;41781
835628981;41782
835648990;41783
835668980;41784
835688983;41785
835708987;41786
835728985;41787
835748980;41788
835768982;41789
835788983;41790
835808980;41791
835828982;41792
835848982;41793
835868975;41794
835888985;41795
835908974;41796
835928976;41797
