832916909;41647
832936917;41648
832956910;41649
832976910;41650
832996913;41651
833016906;41652
833036914;41653
833056907;41654
833076913;41655
833096908;41656
833116906;41657
833136911;41658
833156913;41659
833176906;41660
833196907;41661
833216902;41662
833236911;41663
833257010;41664
833276906;41665
833296906;41666
833316908;41667
833336912;41668
833356925;41669
833376902;41670
833396902;41671
833416904;41672
833436901;41673
833456903;41674
833476901;41675
833499204;41676
833516904;41677
833536904;41678
833556896;41679
833576900;41680
833596899;41681
833616899;41682
833636895;41683
833656907;41684
833676901;41685
833696912;41686
833716902;41687
833736906;41688
833756911;41689
833776904;41690
833796896;41691
833816896;41692
833836903;41693
833856892;41694
833876892;41695
833896891;41696
833916892;41697
833936902;41698
833956889;41699
833976911;41700
833996912;41701
834017157;41702
834036894;41703
834056899;41704
834076896;41705
834096885;41706
834116894;41707
834136894;41708
834156908;41709
834176890;41710
834196909;41711
834216888;41712
834236888;41713
834256903;41714
834276893;41715
834296912;41716
834316882;41717
834336877;41718
834356889;41719
834376889;41720
834396891;41721
834416886;41722
834436880;41723
834456886;41724
834476895;41725
834496880;41726
834516879;41727
834536880;41728
834556874;41729
834576880;41730
834596880;41731
834616876;41732
834636877;41733
834656873;41734
834676868;41735
834696878;41736
834716880;41737
834736876;41738
834756866;41739
834776870;41740
834796868;41741
834816886;41742
834836875;41743
834856882;41744
834876871;41745
834896871;41746
834916870;41747
834936869;41748
834956871;41749
834976867;41750
834996875;41751
835016867;41752
835036874;41753
835056868;41754
835076868;41755
835096856;41756
835116863;41757
835136863;41758
835156871;41759
835176862;41760
835196874;41761
835216869;41762
835236873;41763
835256864;41764
835276856;41765
835296866;41766
835316865;41767
835336855;41768
835356858;41769
835376855;41770
835396859;41771
835416856;41772
835436864;41773
835456870;41774
835476868;41775
835496855;41776
835516855;41777
835536865;41778
835556857;41779
835576859;41780
835596861;41781
835616854;41782
835636856;41783
835656849;41784
835676848;41785
835696847;41786
835716850;41787
835736847;41788
835756845;41789
835776850;41790
835796847;41791
835816844;41792
835836849;41793
835856844;41794
835876850;41795
835896863;41796
835916840;41797
835936858;41798
