832900625;41646
832920618;41647
832940615;41648
832960613;41649
832980606;41650
833000611;41651
833020606;41652
833040614;41653
833060606;41654
833080607;41655
833100606;41656
833120611;41657
833140622;41658
833160608;41659
833180605;41660
833200605;41661
833220609;41662
833240608;41663
833260600;41664
833280606;41665
833300613;41666
833320607;41667
833340602;41668
833360604;41669
833380600;41670
833400638;41671
833420601;41672
833440596;41673
833460601;41674
833480598;41675
833500597;41676
833520597;41677
833540593;41678
833560601;41679
833580597;41680
833600594;41681
833620656;41682
833640592;41683
833660662;41684
833680593;41685
833700638;41686
833720589;41687
833740592;41688
833760588;41689
833780588;41690
833800588;41691
833820588;41692
833840585;41693
833860590;41694
833880586;41695
833900592;41696
833920589;41697
833940651;41698
833960590;41699
833980582;41700
834000600;41701
834020601;41702
834040599;41703
834060582;41704
834080586;41705
834100580;41706
834120605;41707
834140587;41708
834160577;41709
834180577;41710
834200572;41711
834220584;41712
834240575;41713
834260582;41714
834280575;41715
834300576;41716
834320572;41717
834340584;41718
834360574;41719
834380573;41720
834400577;41721
834420579;41722
834440573;41723
834460576;41724
834480570;41725
834500573;41726
834520568;41727
834540570;41728
834560586;41729
834580666;41730
834600567;41731
834620567;41732
834640564;41733
834660567;41734
834680563;41735
834700570;41736
834720562;41737
834740568;41738
834760563;41739
834780569;41740
834800567;41741
834820576;41742
834840561;41743
834860563;41744
834880558;41745
834900564;41746
834920558;41747
834940582;41748
834960557;41749
834980562;41750
835000570;41751
835020567;41752
835040561;41753
835060555;41754
835080552;41755
835100552;41756
835120560;41757
835140556;41758
835160554;41759
835180554;41760
835200556;41761
835220557;41762
835240557;41763
835260548;41764
835280545;41765
835300548;41766
835320546;41767
835340548;41768
835360551;41769
835380555;41770
835400546;41771
835421234;41772
835440547;41773
835460548;41774
835480545;41775
835500544;41776
835520544;41777
835540545;41778
835560540;41779
835580560;41780
835600548;41781
835620544;41782
835640544;41783
835660688;41784
835680543;41785
835700841;41786
835720540;41787
835740542;41788
835760539;41789
835780542;41790
835800554;41791
835820544;41792
835840558;41793
835860531;41794
835880535;41795
835900539;41796
835920538;41797
