832914151;41647
832934152;41648
832954144;41649
832974140;41650
832994143;41651
833014156;41652
833034144;41653
833054147;41654
833074142;41655
833094142;41656
833114144;41657
833134142;41658
833154141;41659
833174140;41660
833194142;41661
833214140;41662
833234684;41663
833254140;41664
833275289;41665
833294144;41666
833316016;41667
833334149;41668
833354134;41669
833374144;41670
833394135;41671
833414143;41672
833434131;41673
833454134;41674
833474139;41675
833494134;41676
833514132;41677
833534142;41678
833554136;41679
833574141;41680
833594129;41681
833614132;41682
833634128;41683
833654132;41684
833674127;41685
833694124;41686
833714129;41687
833734135;41688
833754126;41689
833774132;41690
833794128;41691
833814123;41692
833834128;41693
833854121;41694
833874139;41695
833894122;41696
833914132;41697
833934129;41698
833954141;41699
833974136;41700
833994121;41701
834014121;41702
834034124;41703
834054121;41704
834074117;41705
834094118;41706
834114120;41707
834134121;41708
834154127;41709
834174133;41710
834194132;41711
834214125;41712
834234123;41713
834254131;41714
834274115;41715
834294115;41716
834314112;41717
834334119;41718
834354130;41719
834374116;41720
834394117;41721
834414113;41722
834434113;41723
834454115;41724
834474136;41725
834494147;41726
834514121;41727
834534125;41728
834554111;41729
834574125;41730
834594120;41731
834614111;41732
834634112;41733
834654108;41734
834674113;41735
834694110;41736
834714120;41737
834734108;41738
834754113;41739
834774110;41740
834794115;41741
834814118;41742
834834118;41743
834854105;41744
834874103;41745
834894110;41746
834914118;41747
834934107;41748
834954104;41749
834974102;41750
834994103;41751
835014101;41752
835034096;41753
835054101;41754
835074102;41755
835094100;41756
835114098;41757
835134096;41758
835154103;41759
835174103;41760
835194107;41761
835214102;41762
835234110;41763
835254110;41764
835274104;41765
835294096;41766
835314106;41767
835334093;41768
835354105;41769
835374090;41770
835394091;41771
835414088;41772
835434100;41773
835454093;41774
835474089;41775
835494096;41776
835514094;41777
835534117;41778
835554089;41779
835574091;41780
835594089;41781
835614096;41782
835634085;41783
835654103;41784
835674087;41785
835694091;41786
835714084;41787
835734083;41788
835754082;41789
835774087;41790
835794088;41791
835814082;41792
835834104;41793
835854095;41794
835874084;41795
835894084;41796
835914077;41797
835934076;41798
