832905621;41646
832925620;41647
832945622;41648
832965614;41649
832985611;41650
833005612;41651
833025609;41652
833045646;41653
833065613;41654
833085639;41655
833105608;41656
833125623;41657
833145608;41658
833165607;41659
833185609;41660
833205679;41661
833225614;41662
833245601;41663
833265597;41664
833285598;41665
833305598;41666
833325611;41667
833345596;41668
833365604;41669
833385599;41670
833405610;41671
833425603;41672
833445611;41673
833465599;41674
833485604;41675
833505613;41676
833525616;41677
833545589;41678
833565596;41679
833585587;41680
833605597;41681
833625595;41682
833645593;41683
833665594;41684
833685597;41685
833705598;41686
833725591;41687
833745601;41688
833765589;41689
833785588;41690
833805587;41691
833825590;41692
833845610;41693
833865592;41694
833885582;41695
833905590;41696
833925578;41697
833945584;41698
833965578;41699
833985589;41700
834005583;41701
834025587;41702
834045584;41703
834065591;41704
834085582;41705
834105580;41706
834125586;41707
834145576;41708
834165600;41709
834185574;41710
834205586;41711
834225590;41712
834245572;41713
834265584;41714
834285573;41715
834305571;41716
834325574;41717
834345572;41718
834365572;41719
834385576;41720
834405570;41721
834425582;41722
834445568;41723
834465571;41724
834487135;41725
834505569;41726
834527299;41727
834545564;41728
834565567;41729
834585559;41730
834605570;41731
834625567;41732
834645566;41733
834665574;41734
834685556;41735
834705558;41736
834725554;41737
834745560;41738
834765560;41739
834785572;41740
834805569;41741
834825563;41742
834845554;41743
834865556;41744
834885552;41745
834905555;41746
834925560;41747
834945560;41748
834965561;41749
834985564;41750
835005556;41751
835025554;41752
835045557;41753
835065554;41754
835085569;41755
835105570;41756
835125557;41757
835145550;41758
835165567;41759
835185578;41760
835205630;41761
835225547;41762
835245552;41763
835265564;41764
835285543;41765
835305544;41766
835325549;41767
835345554;41768
835365537;41769
835385550;41770
835405545;41771
835425549;41772
835445555;41773
835465550;41774
835485550;41775
835505561;41776
835525547;41777
835545539;41778
835565539;41779
835585535;41780
835605545;41781
835625534;41782
835645537;41783
835665539;41784
835685536;41785
835705544;41786
835725535;41787
835745543;41788
835765533;41789
835785549;41790
835805531;41791
835825542;41792
835845533;41793
835865532;41794
835885546;41795
835905532;41796
835925549;41797
