832916343;41647
832936350;41648
832956349;41649
832976344;41650
832996342;41651
833016346;41652
833036340;41653
833056342;41654
833076339;41655
833096334;41656
833116340;41657
833136343;41658
833156351;41659
833176344;41660
833196336;41661
833216336;41662
833236345;41663
833256338;41664
833276341;41665
833296332;41666
833316333;41667
833336339;41668
833356332;41669
833376334;41670
833396332;41671
833416335;41672
833436323;41673
833456347;41674
833476320;41675
833496347;41676
833516327;41677
833536338;41678
833556333;41679
833576335;41680
833596331;41681
833616333;41682
833636328;41683
833656347;41684
833676326;41685
833696336;41686
833716340;41687
833736331;41688
833756324;41689
833776332;41690
833796323;41691
833816325;41692
833836346;41693
833856325;41694
833876341;41695
833896321;41696
833916322;41697
833936320;41698
833956320;41699
833976337;41700
833996314;41701
834016321;41702
834036319;41703
834056319;41704
834076318;41705
834096323;41706
834116322;41707
834136313;41708
834156332;41709
834176314;41710
834196314;41711
834216313;41712
834236319;41713
834256313;41714
834276314;41715
834296320;41716
834316311;41717
834336317;41718
834356303;41719
834376312;41720
834396317;41721
834416313;41722
834436308;41723
834456318;41724
834476310;41725
834496331;41726
834516306;41727
834536316;41728
834556316;41729
834576317;41730
834596309;41731
834616313;41732
834636299;41733
834656318;41734
834676299;41735
834696303;41736
834716299;41737
834736307;41738
834756298;41739
834776297;41740
834796299;41741
834816302;41742
834836298;41743
834856307;41744
834876301;41745
834896299;41746
834916299;41747
834936295;41748
834956301;41749
834976309;41750
834996340;41751
835016304;41752
835036299;41753
835056305;41754
835076308;41755
835096299;41756
835116302;41757
835136297;41758
835156298;41759
835176295;41760
835196310;41761
835216297;41762
835236297;41763
835256305;41764
835276288;41765
835296290;41766
835316291;41767
835336293;41768
835356285;41769
835376287;41770
835396295;41771
835416286;41772
835436290;41773
835456301;41774
835476292;41775
835496282;41776
835516288;41777
835536292;41778
835556283;41779
835576284;41780
835596285;41781
835616279;41782
835636281;41783
835656285;41784
835676286;41785
835696278;41786
835716290;41787
835736278;41788
835756284;41789
835776277;41790
835796292;41791
835816279;41792
835836284;41793
835856281;41794
835876282;41795
835896284;41796
835916277;41797
835936302;41798
