832902597;41646
832922579;41647
832942581;41648
832962581;41649
832982575;41650
833002579;41651
833022580;41652
833042575;41653
833062580;41654
833082586;41655
833102578;41656
833122582;41657
833142581;41658
833162576;41659
833182575;41660
833202575;41661
833222569;41662
833242574;41663
833262579;41664
833282572;41665
833302566;41666
833322569;41667
833342567;41668
833362580;41669
833382569;41670
833402565;41671
833422565;41672
833442568;41673
833462566;41674
833482573;41675
833502563;41676
833522566;41677
833542565;41678
833562566;41679
833582562;41680
833602557;41681
833622564;41682
833642559;41683
833662562;41684
833682557;41685
833702557;41686
833722564;41687
833742557;41688
833762564;41689
833782555;41690
833802557;41691
833822554;41692
833842555;41693
833862559;41694
833882555;41695
833902559;41696
833922554;41697
833942565;41698
833962556;41699
833982553;41700
834002555;41701
834022551;41702
834042550;41703
834062550;41704
834082557;41705
834102553;41706
834122553;41707
834142550;41708
834162552;41709
834182558;41710
834202553;41711
834222554;41712
834242545;41713
834262545;41714
834282545;41715
834302554;41716
834322542;41717
834342543;41718
834362567;41719
834382541;41720
834402547;41721
834422546;41722
834442548;41723
834462541;41724
834482538;41725
834502545;41726
834522540;41727
834542546;41728
834562540;41729
834582555;41730
834602541;41731
834622549;41732
834642535;41733
834662539;41734
834682535;41735
834702544;41736
834722533;41737
834742532;41738
834762549;41739
834782535;41740
834802529;41741
834822539;41742
834842535;41743
834862534;41744
834882528;41745
834902542;41746
834922527;41747
834942544;41748
834962526;41749
834982529;41750
835002528;41751
835022530;41752
835042527;41753
835062525;41754
835082525;41755
835102526;41756
835122528;41757
835142524;41758
835162526;41759
835182522;41760
835202523;41761
835222523;41762
835242523;41763
835262524;41764
835282521;41765
835302520;41766
835322520;41767
835342516;41768
835362521;41769
835382527;41770
835402518;41771
835422520;41772
835442573;41773
835465515;41774
835482524;41775
835502517;41776
835522518;41777
835542519;41778
835562517;41779
835582515;41780
835602519;41781
835622514;41782
835642520;41783
835662519;41784
835682519;41785
835702515;41786
835722514;41787
835742510;41788
835762516;41789
835782520;41790
835802516;41791
835822511;41792
835842505;41793
835862505;41794
835882515;41795
835902511;41796
835922515;41797
